1 3155.19213616995
2 3175.50773542407
3 3190.87982178419
4 3156.37612309826
5 3143.77573892784
6 3118.49247380253
7 3120.645335824
8 3153.41733623992
9 3171.87356101026
10 3168.17417081909
11 3149.56998338982
12 3125.16508060518
13 3103.92631580434
14 3112.94296805119
15 3089.67890458079
16 3102.75897672489
17 3110.92399121824
18 3116.32123442207
19 3111.02242477792
20 3095.56368272666
21 3094.44461606442
22 3093.12259936084
23 3109.30893978051
24 3093.96892595612
25 3102.20791541003
26 3137.20813670291
27 3132.99296956906
28 3121.88227899495
29 3080.11182984447
30 3086.31176949022
31 3103.51600767453
32 3091.93022430042
33 3109.81296574927
34 3136.10590876706
35 3098.88025887242
36 3085.10252917247
37 3073.45461099231
38 3078.66821480988
39 3053.2946506135
40 3045.82920768958
41 3051.45595429091
42 3050.46997509799
43 3043.77430302096
44 3037.65454624488
45 3038.74654365209
46 3036.17006908335
47 3042.06758030609
48 3032.4511844239
49 3026.62508133306
50 3034.54055617512
51 3037.07639012245
52 3038.12802025804
53 3058.8489818389
54 3042.83483565555
55 3034.14302534075
56 3044.48510182128
57 3032.72640261769
58 3029.93504156735
59 3039.1704969407
60 3015.20708946556
61 3034.51112984201
62 3045.42454808942
63 3027.23306665641
64 2999.15586314767
65 2973.67076982492
66 2969.28081738127
67 2946.88000120363
68 2964.27166638748
69 2971.75323581772
70 2987.35798129224
71 2996.19206532379
72 2979.28507833524
73 2990.95024522746
74 2989.57790453127
75 2980.99408602492
76 2969.61141366442
77 2990.86224032964
78 3013.26655973235
79 3001.71312034111
80 2988.87778310809
81 2999.43174179535
82 3018.25252567871
83 2994.97977158443
84 3018.83914276053
85 3036.96663628382
86 3059.02575662327
87 3067.0237552474
88 3064.49341411858
89 3052.19243007098
90 3035.44742858806
91 3072.13342044813
92 3031.63087316829
93 3061.68887513491
94 3031.3099454485
95 3077.50919155813
96 3061.68253283226
97 3027.92027719398
98 3010.11195611525
99 3043.41061975977
100 3042.15645469324
101 3042.21791822668
102 3054.16528859497
103 3059.72707533797
104 3042.73699497525
105 3047.45727548258
106 3036.31441432426
107 3004.58904369172
108 3020.61860882982
109 3044.62424680522
110 3030.61410279223
111 3041.30649884435
112 3063.76460638805
113 3068.87519228308
114 3046.28197940977
115 3048.75434974956
116 3015.03686488747
117 3001.66754881976
118 3032.21028796316
119 3025.26384035067
120 3021.57961657484
121 2996.20118786375
122 2982.37070292796
123 3018.68803107543
124 3010.38023404685
125 2968.43012757436
126 2964.10291571217
127 2991.9540720185
128 2964.26485060627
129 2956.23931037113
130 2943.40712012804
131 2936.03392086603
132 2928.37919726609
133 2895.70401556338
134 2914.49061602924
135 2882.32112534327
136 2911.24771914655
137 2863.21945794365
138 2899.62581850265
139 2882.05784140479
140 2873.17586322448
141 2877.94624347309
142 2899.9122916028
143 2935.4170170748
144 2947.52663541496
145 2968.04070489642
146 2942.45559475082
147 2953.18286968276
148 2955.3694409045
149 2931.45305624185
150 2926.73845876314
151 2925.29331000951
152 2934.20434644239
153 2925.68760124037
154 2965.40384127216
155 2930.61438749274
156 2894.9794205098
157 2900.34361532115
158 2901.66926202307
159 2885.16730986063
160 2894.64905313704
161 2895.52146876529
162 2894.08076108731
163 2881.6888614984
164 2878.4065698606
165 2911.64830343647
166 2885.10510941344
167 2908.07248167888
168 2932.82401305466
169 2932.83103845709
170 2960.05318825856
171 2958.10857843456
172 2949.8139253218
173 2949.36586346383
174 2930.96327794385
175 2908.05815813864
176 2897.05596794146
177 2932.05590596255
178 2907.99823934874
179 2917.42361999797
180 2927.79741401278
181 2908.337512842
182 2898.79007868593
183 2884.59678208756
184 2916.27996410194
185 2945.73027747865
186 2934.04987333943
187 2930.58707378148
188 2939.56420492859
189 2909.56199122355
190 2886.15986663519
191 2888.43100209829
192 2897.35184934199
193 2896.88680807769
194 2905.07102214526
195 2920.23822104702
196 2917.88379962973
197 2930.05222256134
198 2928.93781720079
199 2888.46128697518
200 2887.45520530228
201 2857.92739142784
202 2867.67452360695
203 2910.69464971098
204 2885.04294704967
205 2873.35643391224
206 2884.45695364398
207 2878.80008230011
208 2875.84918805368
209 2855.58018647094
210 2861.87570336898
211 2853.17391110012
212 2859.44593797233
213 2874.56670738207
214 2856.55907149096
215 2859.88120992863
216 2851.34108644075
217 2826.78386015597
218 2836.14578894982
219 2839.74972646873
220 2866.16706327876
221 2892.02295451284
222 2859.59317664812
223 2844.40438333036
224 2862.29293308662
225 2845.25886374852
226 2866.02536013398
227 2866.20913595608
228 2885.21435974671
229 2926.80752845329
230 2905.64218470392
231 2925.581846739
232 2947.1680857792
233 2945.54750903762
234 2955.684147128
235 2961.25708825813
236 2978.06337776086
237 2972.91584880888
238 2957.11420808254
239 2946.52914647896
240 2940.08277083095
241 2896.94224776823
242 2919.74065711304
243 2894.90490392261
244 2893.69751849922
245 2905.72036919661
246 2901.50129776951
247 2945.78585439085
248 2952.28164777148
249 2947.95134542025
250 2956.41927443859
251 2953.40246935025
252 2957.63463975493
253 2961.19662821994
254 2938.62288369724
255 2963.26658215642
256 2949.68021170254
257 2949.14330592063
258 2959.61367434387
259 2922.58734397144
260 2926.75239486885
261 2967.04005319423
262 2955.5520253227
263 2974.92770411386
264 3001.20369565141
265 2961.92590435482
266 2945.65448363191
267 2948.66589476153
268 2932.74677558725
269 2931.07768339804
270 2967.6965787694
271 2974.27279036789
272 2978.61045698406
273 2965.02120076932
274 2931.587051273
275 2942.44618360233
276 2946.84471244611
277 2931.25560860844
278 2932.54695337389
279 2930.74596649213
280 2920.46372362943
281 2937.16045998389
282 2974.29679151308
283 2937.49667787202
284 2931.99087138669
285 2954.93766319913
286 2973.45705645917
287 2960.99282591313
288 2955.34854140895
289 2958.62787437618
290 2976.22871829166
291 2963.04347449455
292 2972.64571533009
293 2974.77276032712
294 2983.77636310932
295 2995.49754702116
296 2984.34577421531
297 2974.82076351707
298 2948.38691998746
299 2955.45748271352
300 2932.38699994052
301 2979.22943230562
302 2972.54883850135
303 2951.22262065191
304 2964.48723149268
305 2964.99018187513
306 2944.97605951689
307 2927.92021949032
308 2928.85160670201
309 2908.34846460073
310 2935.9532576643
311 2913.35140379322
312 2915.2243408759
313 2933.23229626219
314 2943.02566586535
315 2934.4339483408
316 2936.36020563448
317 2921.30099042394
318 2933.5912880153
319 2900.55822017579
320 2949.32039412626
321 2965.08384958272
322 2945.53385325485
323 2958.33719830153
324 2951.61385922755
325 2921.553722129
326 2927.16983921785
327 2942.55538948101
328 2976.4686217076
329 2959.22891155058
330 2939.29419073944
331 2929.2727024162
332 2911.28922272852
333 2894.56958717806
334 2881.78799437439
335 2870.74963730975
336 2901.22569166504
337 2883.91337019503
338 2891.9042389229
339 2896.24587433333
340 2888.54823185517
341 2878.62087758742
342 2870.47806467295
343 2879.74881310542
344 2859.11538584176
345 2864.09549594525
346 2891.19491646196
347 2872.12253855896
348 2908.38930755707
349 2892.1950008504
350 2899.95782618049
351 2870.78617970686
352 2866.18746790058
353 2857.93015378882
354 2867.08217588295
355 2866.3642278839
356 2871.24708935445
357 2883.98373070836
358 2871.82734580356
359 2892.62268361683
360 2909.67592773793
361 2898.70694617728
362 2893.09191938603
363 2879.14015165844
364 2890.97065023221
365 2881.47339463545
366 2870.59757346793
367 2840.99302965415
368 2876.22040863023
369 2868.96866637724
370 2873.40507512507
371 2893.71617109392
372 2873.85928168859
373 2878.66159690904
374 2876.48953327353
375 2870.83266158536
376 2880.5706111361
377 2855.88995325051
378 2884.79304565508
379 2859.67457735419
380 2882.98750039579
381 2884.74707411252
382 2880.91532840059
383 2856.69649222428
384 2885.8895338998
385 2866.72002587966
386 2888.66851693367
387 2901.337499746
388 2884.05247263813
389 2864.59602853275
390 2873.56814851373
391 2897.4979585588
392 2867.65012606209
393 2861.52642153042
394 2863.11137791474
395 2841.78123234428
396 2857.25535259274
397 2844.94739567956
398 2850.82166530336
399 2846.61753652482
400 2847.82320499244
401 2859.64645385667
402 2871.67856001769
403 2880.12575595174
404 2866.12159709773
405 2858.9735145117
406 2887.10826402968
407 2869.04861233764
408 2851.76655698418
409 2825.18414736052
410 2834.92504643748
411 2859.87170495278
412 2889.57620312466
413 2878.39096617285
414 2908.43202170623
415 2880.18473539506
416 2891.77591704636
417 2876.81225014262
418 2829.58061707828
419 2814.65003940213
420 2836.68851566595
421 2835.21267914117
422 2849.59417487446
423 2831.0424665573
424 2857.0374149613
425 2809.83707152216
426 2810.87773909808
427 2834.07822610753
428 2817.8028553763
429 2839.79526687783
430 2835.59980481468
431 2828.42267744383
432 2850.5991798118
433 2842.20909514647
434 2808.16978221624
435 2819.44065928743
436 2829.81376047037
437 2831.99006588354
438 2864.18560986207
439 2851.45988289019
440 2824.30639098131
441 2834.30328250496
442 2811.53025847151
443 2806.75283780005
444 2818.71041502329
445 2822.6010415395
446 2810.08462279194
447 2847.24388995067
448 2827.06467810867
449 2855.83170484067
450 2840.33427807634
451 2843.26228297617
452 2844.66175740709
453 2873.60266440678
454 2885.27467793442
455 2897.75315032142
456 2874.58397925388
457 2885.5733696219
458 2906.16836057082
459 2876.12171758221
460 2846.50399290928
461 2870.06397035813
462 2904.37355238127
463 2913.88163719551
464 2906.38260185252
465 2946.61106670171
466 2909.36390324265
467 2905.25863924053
468 2897.53581553808
469 2913.06639493525
470 2913.80219691312
471 2926.0755128778
472 2922.79807119043
473 2918.78874669939
474 2925.1445568224
475 2931.49450350831
476 2904.50099076398
477 2912.97375126961
478 2940.2441654128
479 2931.56832095834
480 2956.13038354593
481 2968.64201179697
482 2938.82777717902
483 2956.9386371839
484 2928.51718593606
485 2931.61055271178
486 2916.44475638825
487 2901.71927831839
488 2916.92536896848
489 2908.33343354626
490 2952.76144046822
491 2941.52834726075
492 2942.43934722387
493 2920.11284527481
494 2919.47576575373
495 2945.00836868153
496 2973.95474773393
497 2997.52711011485
498 2990.14978192592
499 3015.22981252884
500 3002.87910681376
501 2954.31502218701
502 2950.78815472048
503 2967.57497797541
504 2970.78409620087
505 2970.68778264455
506 3004.45485918738
507 3022.24509658307
508 3006.53397216461
509 2993.06909706101
510 3020.24962471602
511 2999.08893083588
512 3000.83501444978
